(h k l) (X Y) [types]
0 -1 -1 -2.0502038589001766e-07 -0.41421315315601936 [1 2]
1 0 1 0.41421315361636546 2.0504804825227686e-07 [1 2]
1 1 0 0.7071062965033496 0.7071062953336379 [1 2]
1 0 -1 0.41421315363793965 -1.9699167714053504e-07 [1 2]
0 1 0 9.766983942675967e-09 0.9999995146979082 [0]
0 -1 1 1.969293505991829e-07 -0.41421315315377594 [1 2]
-1 0 1 -0.41421315363793965 1.9699167714053504e-07 [1 2]
-1 0 -1 -0.41421315361636546 -2.0504804825227686e-07 [1 2]
-1 -1 0 -0.7071062965033496 -0.7071062953336379 [1 2]
0 -1 0 -9.766983942675967e-09 -0.9999995146979082 [0]
1 0 0 0.9999995147658773 9.72514055952155e-09 [0]
-1 0 0 -0.9999995147658773 -9.72514055952155e-09 [0]
-1 1 0 -0.7071067817078318 0.7071067805972949 [1 2]
0 0 -1 -4.851960588010374e-07 -4.853046851804701e-07 [0]
1 -1 0 0.7071067817078318 -0.7071067805972949 [1 2]
0 1 -1 -1.969293505991829e-07 0.41421315315377594 [1 2]
0 0 1 4.851960588010374e-07 4.853046851804701e-07 [0]
0 1 1 2.0502038589001766e-07 0.41421315315601936 [1 2]
